1 5 1 33
2 5 1 39
3 5 1 44
4 5 1 69
5 5 2 34
6 5 3 33
7 5 3 35
8 5 3 37
9 5 3 40
10 5 4 34
11 5 4 36
12 5 4 38
13 5 4 39
14 5 5 41
15 5 5 47
16 5 5 52
17 5 5 77
18 5 6 42
19 5 7 41
20 5 7 43
21 5 7 45
22 5 7 48
23 5 8 42
24 5 8 44
25 5 8 46
26 5 8 47
27 5 9 49
28 5 9 55
29 5 9 60
30 5 9 85
31 5 10 50
32 5 11 49
33 5 11 51
34 5 11 53
35 5 11 56
36 5 12 50
37 5 12 52
38 5 12 54
39 5 12 55
40 5 13 57
41 5 13 63
42 5 13 93
43 5 14 58
44 5 15 57
45 5 15 59
46 5 15 61
47 5 15 64
48 5 16 58
49 5 16 60
50 5 16 62
51 5 16 63
52 5 17 65
53 5 17 71
54 5 17 76
55 5 18 38
56 5 18 66
57 5 19 65
58 5 19 67
59 5 19 69
60 5 19 72
61 5 20 66
62 5 20 68
63 5 20 70
64 5 20 71
65 5 21 73
66 5 21 79
67 5 21 84
68 5 22 46
69 5 22 74
70 5 23 73
71 5 23 75
72 5 23 77
73 5 23 80
74 5 24 74
75 5 24 76
76 5 24 78
77 5 24 79
78 5 25 81
79 5 25 87
80 5 25 92
81 5 26 54
82 5 26 82
83 5 27 81
84 5 27 83
85 5 27 85
86 5 27 88
87 5 28 82
88 5 28 84
89 5 28 86
90 5 28 87
91 5 29 89
92 5 29 95
93 5 30 62
94 5 30 90
95 5 31 89
96 5 31 91
97 5 31 93
98 5 31 96
99 5 32 90
100 5 32 92
101 5 32 94
102 5 32 95
