     1      1       33    
     2      1       39    
     3      1       44   
     4      1       69   
     5      2       34    
     6      3       33    
     7      3       35    
     8      3       37    
     9      3       40    
     10     4       34    
     11     4       36    
     12     4       38    
     13     4       39    
     14     5       41    
     15     5       47   
     16     5       52   
     17     5       77   
     18     6       42   
     19     7       41    
     20     7       43   
     21     7       45   
     22     7       48   
     23     8       42   
     24     8       44   
     25     8       46   
     26     8       47   
     27     9       49   
     28     9       55   
     29     9       60   
     30     9       85   
     31     10      50   
     32     11      49   
     33     11      51   
     34     11      53   
     35     11      56   
     36     12      50   
     37     12      52   
     38     12      54   
     39     12      55   
     40     13      57   
     41     13      63   
     42     13      93   
     43     14      58   
     44     15      57   
     45     15      59   
     46     15      61   
     47     15      64   
     48     16      58   
     49     16      60   
     50     16      62   
     51     16      63   
     52     17      65   
     53     17      71   
     54     17      76   
     55     18      38    
     56     18      66   
     57     19      65   
     58     19      67   
     59     19      69   
     60     19      72   
     61     20      66   
     62     20      68   
     63     20      70   
     64     20      71   
     65     21      73   
     66     21      79   
     67     21      84   
     68     22      46   
     69     22      74   
     70     23      73   
     71     23      75   
     72     23      77   
     73     23      80   
     74     24      74   
     75     24      76   
     76     24      78   
     77     24      79   
     78     25      81   
     79     25      87   
     80     25      92   
     81     26      54   
     82     26      82   
     83     27      81   
     84     27      83   
     85     27      85   
     86     27      88   
     87     28      82   
     88     28      84   
     89     28      86   
     90     28      87   
     91     29      89   
     92     29      95   
     93     30      62   
     94     30      90   
     95     31      89   
     96     31      91   
     97     31      93   
     98     31      96   
     99     32      90   
     100    32      92   
     101    32      94   
     102    32      95   
