1 15 33 1 39
2 15 33 1 44
3 15 33 1 69
4 15 33 3 35
5 15 33 3 37
6 15 33 3 40
7 15 34 4 36
8 15 34 4 38
9 15 34 4 39
10 15 35 3 37
11 15 35 3 40
12 15 36 4 38
13 15 36 4 39
14 15 37 3 40
15 15 38 4 39
16 15 38 18 66
17 15 39 1 44
18 15 39 1 69
19 15 41 5 47
20 15 41 5 52
21 15 41 5 77
22 15 41 7 43
23 15 41 7 45
24 15 41 7 48
25 15 42 8 44
26 15 42 8 46
27 15 42 8 47
28 15 43 7 45
29 15 43 7 48
30 15 44 1 69
31 15 44 8 46
32 15 44 8 47
33 15 45 7 48
34 15 46 8 47
35 15 46 22 74
36 15 47 5 52
37 15 47 5 77
38 15 49 9 55
39 15 49 9 60
40 15 49 9 85
41 15 49 11 51
42 15 49 11 53
43 15 49 11 56
44 15 50 12 52
45 15 50 12 54
46 15 50 12 55
47 15 51 11 53
48 15 51 11 56
49 15 52 5 77
50 15 52 12 54
51 15 52 12 55
52 15 53 11 56
53 15 54 12 55
54 15 54 26 82
55 15 55 9 60
56 15 55 9 85
57 15 57 13 63
58 15 57 13 93
59 15 57 15 59
60 15 57 15 61
61 15 57 15 64
62 15 58 16 60
63 15 58 16 62
64 15 58 16 63
65 15 59 15 61
66 15 59 15 64
67 15 60 9 85
68 15 60 16 62
69 15 60 16 63
70 15 61 15 64
71 15 62 16 63
72 15 62 30 90
73 15 63 13 93
74 15 65 17 71
75 15 65 17 76
76 15 65 19 67
77 15 65 19 69
78 15 65 19 72
79 15 66 20 68
80 15 66 20 70
81 15 66 20 71
82 15 67 19 69
83 15 67 19 72
84 15 68 20 70
85 15 68 20 71
86 15 69 19 72
87 15 70 20 71
88 15 71 17 76
89 15 73 21 79
90 15 73 21 84
91 15 73 23 75
92 15 73 23 77
93 15 73 23 80
94 15 74 24 76
95 15 74 24 78
96 15 74 24 79
97 15 75 23 77
98 15 75 23 80
99 15 76 24 78
100 15 76 24 79
101 15 77 23 80
102 15 78 24 79
103 15 79 21 84
104 15 81 25 87
105 15 81 25 92
106 15 81 27 83
107 15 81 27 85
108 15 81 27 88
109 15 82 28 84
110 15 82 28 86
111 15 82 28 87
112 15 83 27 85
113 15 83 27 88
114 15 84 28 86
115 15 84 28 87
116 15 85 27 88
117 15 86 28 87
118 15 87 25 92
119 15 89 29 95
120 15 89 31 91
121 15 89 31 93
122 15 89 31 96
123 15 90 32 92
124 15 90 32 94
125 15 90 32 95
126 15 91 31 93
127 15 91 31 96
128 15 92 32 94
129 15 92 32 95
130 15 93 31 96
131 15 94 32 95
132 136 1 33 3
133 136 1 39 4
134 136 1 44 8
135 136 1 69 19
136 136 2 34 4
137 136 4 38 18
138 136 5 41 7
139 136 5 47 8
140 136 5 52 12
141 136 5 77 23
142 136 6 42 8
143 136 8 46 22
144 136 9 49 11
145 136 9 55 12
146 136 9 60 16
147 136 9 85 27
148 136 10 50 12
149 136 12 54 26
150 136 13 57 15
151 136 13 63 16
152 136 13 93 31
153 136 14 58 16
154 136 16 62 30
155 136 17 65 19
156 136 17 71 20
157 136 17 76 24
158 136 18 66 20
159 136 21 73 23
160 136 21 79 24
161 136 21 84 28
162 136 22 74 24
163 136 25 81 27
164 136 25 87 28
165 136 25 92 32
166 136 26 82 28
167 136 29 89 31
168 136 29 95 32
169 136 30 90 32
