1 1 156 0.8900 3.98300234 3.98300234 3.474
2 1 156 0.8900 0.99499766 0.99499766 0.0
3 1 156 0.8900 3.48399766 1.49400234 5.211
4 1 156 0.8900 1.49400234 3.48399766 1.737
5 1 156 0.8900 8.96100234 3.98300234 3.474
6 1 156 0.8900 5.97299766 0.99499766 0.0
7 1 156 0.8900 8.46199766 1.49400234 5.211
8 1 156 0.8900 6.47200234 3.48399766 1.737
9 1 156 0.8900 13.93900234 3.98300234 3.474
10 1 156 0.8900 10.95099766 0.99499766 0.0
11 1 156 0.8900 13.43999766 1.49400234 5.211
12 1 156 0.8900 11.45000234 3.48399766 1.737
13 1 156 0.8900 18.91700234 3.98300234 3.474
14 1 156 0.8900 15.92899766 0.99499766 0.0
15 1 156 0.8900 18.41799766 1.49400234 5.211
16 1 156 0.8900 16.42800234 3.48399766 1.737
17 1 156 0.8900 3.98300234 8.96100234 3.474
18 1 156 0.8900 0.99499766 5.97299766 0.0
19 1 156 0.8900 3.48399766 6.47200234 5.211
20 1 156 0.8900 1.49400234 8.46199766 1.737
21 1 156 0.8900 8.96100234 8.96100234 3.474
22 1 156 0.8900 5.97299766 5.97299766 0.0
23 1 156 0.8900 8.46199766 6.47200234 5.211
24 1 156 0.8900 6.47200234 8.46199766 1.737
25 1 156 0.8900 13.93900234 8.96100234 3.474
26 1 156 0.8900 10.95099766 5.97299766 0.0
27 1 156 0.8900 13.43999766 6.47200234 5.211
28 1 156 0.8900 11.45000234 8.46199766 1.737
29 1 156 0.8900 18.91700234 8.96100234 3.474
30 1 156 0.8900 15.92899766 5.97299766 0.0
31 1 156 0.8900 18.41799766 6.47200234 5.211
32 1 156 0.8900 16.42800234 8.46199766 1.737
33 1 136 -0.4450 3.68299819 3.00299841 4.71400261
34 1 136 -0.4450 1.29500181 1.97500159 1.24000261
35 1 136 -0.4450 4.46400159 1.19399819 6.45100261
36 1 136 -0.4450 0.51399841 3.78400181 2.97700261
37 1 136 -0.4450 3.78400181 0.51399841 3.97099739
38 1 136 -0.4450 1.19399819 4.46400159 0.49699739
39 1 136 -0.4450 3.00299841 3.68299819 2.23399739
40 1 136 -0.4450 1.97500159 1.29500181 5.70799739
41 1 136 -0.4450 8.66099819 3.00299841 4.71400261
42 1 136 -0.4450 6.27300181 1.97500159 1.24000261
43 1 136 -0.4450 9.44200159 1.19399819 6.45100261
44 1 136 -0.4450 5.49199841 3.78400181 2.97700261
45 1 136 -0.4450 8.76200181 0.51399841 3.97099739
46 1 136 -0.4450 6.17199819 4.46400159 0.49699739
47 1 136 -0.4450 7.98099841 3.68299819 2.23399739
48 1 136 -0.4450 6.95300159 1.29500181 5.70799739
49 1 136 -0.4450 13.63899819 3.00299841 4.71400261
50 1 136 -0.4450 11.25100181 1.97500159 1.24000261
51 1 136 -0.4450 14.42000159 1.19399819 6.45100261
52 1 136 -0.4450 10.46999841 3.78400181 2.97700261
53 1 136 -0.4450 13.74000181 0.51399841 3.97099739
54 1 136 -0.4450 11.14999819 4.46400159 0.49699739
55 1 136 -0.4450 12.95899841 3.68299819 2.23399739
56 1 136 -0.4450 11.93100159 1.29500181 5.70799739
57 1 136 -0.4450 18.61699819 3.00299841 4.71400261
58 1 136 -0.4450 16.22900181 1.97500159 1.24000261
59 1 136 -0.4450 19.39800159 1.19399819 6.45100261
60 1 136 -0.4450 15.44799841 3.78400181 2.97700261
61 1 136 -0.4450 18.71800181 0.51399841 3.97099739
62 1 136 -0.4450 16.12799819 4.46400159 0.49699739
63 1 136 -0.4450 17.93699841 3.68299819 2.23399739
64 1 136 -0.4450 16.90900159 1.29500181 5.70799739
65 1 136 -0.4450 3.68299819 7.98099841 4.71400261
66 1 136 -0.4450 1.29500181 6.95300159 1.24000261
67 1 136 -0.4450 4.46400159 6.17199819 6.45100261
68 1 136 -0.4450 0.51399841 8.76200181 2.97700261
69 1 136 -0.4450 3.78400181 5.49199841 3.97099739
70 1 136 -0.4450 1.19399819 9.44200159 0.49699739
71 1 136 -0.4450 3.00299841 8.66099819 2.23399739
72 1 136 -0.4450 1.97500159 6.27300181 5.70799739
73 1 136 -0.4450 8.66099819 7.98099841 4.71400261
74 1 136 -0.4450 6.27300181 6.95300159 1.24000261
75 1 136 -0.4450 9.44200159 6.17199819 6.45100261
76 1 136 -0.4450 5.49199841 8.76200181 2.97700261
77 1 136 -0.4450 8.76200181 5.49199841 3.97099739
78 1 136 -0.4450 6.17199819 9.44200159 0.49699739
79 1 136 -0.4450 7.98099841 8.66099819 2.23399739
80 1 136 -0.4450 6.95300159 6.27300181 5.70799739
81 1 136 -0.4450 13.63899819 7.98099841 4.71400261
82 1 136 -0.4450 11.25100181 6.95300159 1.24000261
83 1 136 -0.4450 14.42000159 6.17199819 6.45100261
84 1 136 -0.4450 10.46999841 8.76200181 2.97700261
85 1 136 -0.4450 13.74000181 5.49199841 3.97099739
86 1 136 -0.4450 11.14999819 9.44200159 0.49699739
87 1 136 -0.4450 12.95899841 8.66099819 2.23399739
88 1 136 -0.4450 11.93100159 6.27300181 5.70799739
89 1 136 -0.4450 18.61699819 7.98099841 4.71400261
90 1 136 -0.4450 16.22900181 6.95300159 1.24000261
91 1 136 -0.4450 19.39800159 6.17199819 6.45100261
92 1 136 -0.4450 15.44799841 8.76200181 2.97700261
93 1 136 -0.4450 18.71800181 5.49199841 3.97099739
94 1 136 -0.4450 16.12799819 9.44200159 0.49699739
95 1 136 -0.4450 17.93699841 8.66099819 2.23399739
96 1 136 -0.4450 16.90900159 6.27300181 5.70799739
