1 9458 4 39 1 33
2 9458 8 44 1 33
3 9458 19 69 1 33
4 9458 18 38 4 34
5 9458 1 39 4 34
6 9458 1 33 3 35
7 9458 2 34 4 36
8 9458 18 38 4 36
9 9458 1 39 4 36
10 9458 1 33 3 37
11 9458 2 34 4 38
12 9458 1 39 4 38
13 9458 20 66 18 38
14 9458 3 33 1 39
15 9458 8 44 1 39
16 9458 19 69 1 39
17 9458 2 34 4 39
18 9458 18 38 4 39
19 9458 1 33 3 40
20 9458 8 47 5 41
21 9458 12 52 5 41
22 9458 23 77 5 41
23 9458 1 44 8 42
24 9458 22 46 8 42
25 9458 5 47 8 42
26 9458 5 41 7 43
27 9458 3 33 1 44
28 9458 4 39 1 44
29 9458 19 69 1 44
30 9458 6 42 8 44
31 9458 22 46 8 44
32 9458 5 47 8 44
33 9458 5 41 7 45
34 9458 6 42 8 46
35 9458 1 44 8 46
36 9458 5 47 8 46
37 9458 24 74 22 46
38 9458 7 41 5 47
39 9458 12 52 5 47
40 9458 23 77 5 47
41 9458 6 42 8 47
42 9458 1 44 8 47
43 9458 22 46 8 47
44 9458 5 41 7 48
45 9458 12 55 9 49
46 9458 16 60 9 49
47 9458 27 85 9 49
48 9458 5 52 12 50
49 9458 26 54 12 50
50 9458 9 55 12 50
51 9458 9 49 11 51
52 9458 7 41 5 52
53 9458 8 47 5 52
54 9458 23 77 5 52
55 9458 10 50 12 52
56 9458 26 54 12 52
57 9458 9 55 12 52
58 9458 9 49 11 53
59 9458 10 50 12 54
60 9458 5 52 12 54
61 9458 9 55 12 54
62 9458 28 82 26 54
63 9458 11 49 9 55
64 9458 16 60 9 55
65 9458 27 85 9 55
66 9458 10 50 12 55
67 9458 5 52 12 55
68 9458 26 54 12 55
69 9458 9 49 11 56
70 9458 16 63 13 57
71 9458 31 93 13 57
72 9458 9 60 16 58
73 9458 30 62 16 58
74 9458 13 63 16 58
75 9458 13 57 15 59
76 9458 11 49 9 60
77 9458 12 55 9 60
78 9458 27 85 9 60
79 9458 14 58 16 60
80 9458 30 62 16 60
81 9458 13 63 16 60
82 9458 13 57 15 61
83 9458 14 58 16 62
84 9458 9 60 16 62
85 9458 13 63 16 62
86 9458 32 90 30 62
87 9458 15 57 13 63
88 9458 31 93 13 63
89 9458 14 58 16 63
90 9458 9 60 16 63
91 9458 30 62 16 63
92 9458 13 57 15 64
93 9458 20 71 17 65
94 9458 24 76 17 65
95 9458 1 69 19 65
96 9458 4 38 18 66
97 9458 17 71 20 66
98 9458 17 65 19 67
99 9458 1 69 19 67
100 9458 18 66 20 68
101 9458 17 71 20 68
102 9458 3 33 1 69
103 9458 4 39 1 69
104 9458 8 44 1 69
105 9458 17 65 19 69
106 9458 18 66 20 70
107 9458 17 71 20 70
108 9458 19 65 17 71
109 9458 24 76 17 71
110 9458 18 66 20 71
111 9458 17 65 19 72
112 9458 1 69 19 72
113 9458 24 79 21 73
114 9458 28 84 21 73
115 9458 5 77 23 73
116 9458 8 46 22 74
117 9458 17 76 24 74
118 9458 21 79 24 74
119 9458 21 73 23 75
120 9458 5 77 23 75
121 9458 19 65 17 76
122 9458 20 71 17 76
123 9458 22 74 24 76
124 9458 21 79 24 76
125 9458 7 41 5 77
126 9458 8 47 5 77
127 9458 12 52 5 77
128 9458 21 73 23 77
129 9458 22 74 24 78
130 9458 17 76 24 78
131 9458 21 79 24 78
132 9458 23 73 21 79
133 9458 28 84 21 79
134 9458 22 74 24 79
135 9458 17 76 24 79
136 9458 21 73 23 80
137 9458 5 77 23 80
138 9458 28 87 25 81
139 9458 32 92 25 81
140 9458 9 85 27 81
141 9458 12 54 26 82
142 9458 21 84 28 82
143 9458 25 87 28 82
144 9458 25 81 27 83
145 9458 9 85 27 83
146 9458 23 73 21 84
147 9458 24 79 21 84
148 9458 26 82 28 84
149 9458 25 87 28 84
150 9458 11 49 9 85
151 9458 12 55 9 85
152 9458 16 60 9 85
153 9458 25 81 27 85
154 9458 26 82 28 86
155 9458 21 84 28 86
156 9458 25 87 28 86
157 9458 27 81 25 87
158 9458 32 92 25 87
159 9458 26 82 28 87
160 9458 21 84 28 87
161 9458 25 81 27 88
162 9458 9 85 27 88
163 9458 32 95 29 89
164 9458 13 93 31 89
165 9458 16 62 30 90
166 9458 25 92 32 90
167 9458 29 95 32 90
168 9458 29 89 31 91
169 9458 13 93 31 91
170 9458 27 81 25 92
171 9458 28 87 25 92
172 9458 30 90 32 92
173 9458 29 95 32 92
174 9458 15 57 13 93
175 9458 16 63 13 93
176 9458 29 89 31 93
177 9458 30 90 32 94
178 9458 25 92 32 94
179 9458 29 95 32 94
180 9458 31 89 29 95
181 9458 30 90 32 95
182 9458 25 92 32 95
183 9458 29 89 31 96
184 9458 13 93 31 96
